Specimen no.,Sand,Silt,Clay
A1,0.36,0.6,0.04
A2,0.34,0.61,0.05
A3,0.06,0.87,0.07
A4,0.03,0.91,0.06
A5,0.08,0.87,0.05
A6,0.33,0.63,0.04
A7,0.59,0.36,0.05
A8,0.2,0.78,0.02
A9,0.48,0.51,0.01
A10,0.02,0.8,0.18
B1,0.45,0.53,0.02
B2,0.91,0.08,0.01
B3,0.69,0.25,0.06
B4,0.74,0.25,0.01
B5,0.62,0.37,0.01
B6,0.42,0.54,0.04
B7,0.46,0.51,0.03
C1,0.19,0.71,0.1
C2,0.64,0.35,0.01
C3,0.33,0.55,0.12
C4,0.21,0.74,0.05
