Specimen no.,Ge,Sb,Se,Microhardness (kg/mm^2)
G1,20,5,75,4.49
G2,25,5,70,4.45
G3,29.17,5,65.83,4.38
G4,32,5,63,4.43
G5,35,5,60,4.5
G6,15,10,75,4.66
G7,20,10,70,4.57
G8,25,10,65,4.52
G9,30,10,60,4.61
G10,32,10,58,4.65
G11,10,15,75,4.74
G12,15,15,70,4.73
G13,20,15,65,4.69
G14,20.84,15,64.16,4.67
G15,25,15,60,4.71
G16,28,15,57,4.76
G17,16.67,20,63.33,4.8
G18,12.5,25,62.5,4.94
